00000042
00000000
8000042a
00000010
00000000
00000000
00000000
00000000
00000000
00000000
ff55f0ff
ffffff54
ffff89ab
ffffffff
ffffffff
ffffffff
05_08_0d_09
0a_06_04_07
00_01_00_02
0c_0b_01_00
00_00_00_00
02_07_08_0d
09_05_0a_06
00_01_00_04
0c_0b_01_00
00_00_00_00
00000000
00000000
00000000
00000000
00000000
00000000
00000000
00000000
00000000
00000000
00000000
00000000
00000000
00000000
00000000
00000000
00000000
00000000
00000000
00000000
00000000
00000000
00000000
00000000
00000000
00000000
00000000
00000000
00000000
00000000
00000000
00000000
00000000
00000000
00000000
00000000
00000000
00000000
00000830
00000004
00000008
00000000
00000000
00000000
00000000
00000000
00000000
06140704
281b0004
0003005b
82000000
00560504
001b0704
00000000
030b0200
bb5d9999
030b0200
bb5d9999
030b0200
bb5d9999
030b0200
bb5d9999
030b0200
bb5d9999
030b0200
bb5d9999
030b0200
bb5d9999
030b0200
bb5d9999
030b0200
bb5d9999
00000000
00000000
00000000
00000000
00000000
00000000
00000000
00000000
00000000
00000000
00000000
00000000
00000000
00000000
00000000
00000000
00000000
00000000
00000000
00000000
00000000
00000000
00000000
00000000
00000000
00000000
00000000
00000000
00000000
00000000
00000000
00000000
00000000
00000000
00000000
00000000
00000000
00000000
00000000
00000000
00000000
00000000
00000000
00000000
00000000
00000000
00000000
00000000
00000000
00000000
00000000
00000000
00000000
00000000
00000000
00000000
00000000
00000000
00000000
00000000
00000000
00000000
00000000
00000000
00000000
00000000
00000000
00000000
00000000
00000000
00000000
00000000
00000000
00000000
00000000
00000000
00000000
00000000
00000000
00000000
00000000
00000000
00000000
00000000
00000000
00000000
00000000
00000000
00000000
00000000
00000000
00000000
00000000
00000000
00000000
00000000
00000000
00000000
00000000
00000000
00000000
00000000
00000000
00000000
00000000
00000000
00000000
00000000
00000000
00000000
00000000
00000000
00000000
00000000
00000000
00000000
00000000
00000000
00000000
00000000
00000000
00000000
00000000
00000000
00000000
00000000
00000000
00000000
00000000
00000000
00000000
00000000
00000000
00000000
00000000
00000000
00000000
00000000
00000000
00000000
00000000
00000000
00000000
00000000
00000000
00000000
00000000
00000000
00000000
00000000
00000000
00000000
00000000
00000000
00000000
00000000
00000000
00000000
